min
temps=7000:3400
latlon=30.433207:-97.600578
speed=667
method=Auto
map=177.00,100;3.00,100;-6.00,0;-174.00,0;
